% MoS2_gorder=6,36 atoms
cell_z = 6.017129910500000;
Mo: 12 atoms
 9.952252761496174                   0                   0
  -4.976126380748085   8.618903716339519                   0
  -4.976126380748091  -8.618903716339517                   0
   8.618903716339519   4.976126380748086   3.008564955250000
  -8.618903716339517   4.976126380748090   3.008564955250000
  -0.000000000000002  -9.952252761496174   3.008564955250000
   6.575980346041829   2.393461107078787                   0
  -5.360788294721169   4.498235480920015                   0
  -1.215192051320664  -6.891696587998800                   0
   4.498235480920015   5.360788294721169   3.008564955250000
  -6.891696587998801   1.215192051320661   3.008564955250000
   2.393461107078783  -6.575980346041830   3.008564955250000
S: 24 atoms
12.128136614306438   4.414280724721619                   0
  -9.886947554198121   8.296134046196759                   0
  -2.241189060108324 -12.710414770918375                   0
   8.296134046196759   9.886947554198121   3.008564955250000
 -12.710414770918376   2.241189060108318   3.008564955250000
   4.414280724721613 -12.128136614306440   3.008564955250000
   4.976126380748088   8.618903716339519                   0
  -9.952252761496174   0.000000000000001                   0
   4.976126380748088  -8.618903716339519                   0
   0.000000000000001   9.952252761496174   3.008564955250000
  -8.618903716339521  -4.976126380748084   3.008564955250000
   8.618903716339521  -4.976126380748084   3.008564955250000
   1.215192051320661   6.891696587998801                   0
  -6.575980346041829  -2.393461107078787                   0
   5.360788294721169  -4.498235480920016                   0
  -2.393461107078784   6.575980346041830   3.008564955250000
  -4.498235480920015  -5.360788294721169   3.008564955250000
   6.891696587998801  -1.215192051320659   3.008564955250000
   2.241189060108317  12.710414770918376                   0
 -12.128136614306438  -4.414280724721619                   0
   9.886947554198121  -8.296134046196761                   0
  -4.414280724721615  12.128136614306440   3.008564955250000
  -8.296134046196759  -9.886947554198121   3.008564955250000
  12.710414770918376  -2.241189060108314   3.008564955250000
