lattice vectors (au):
   29.029984  0.000000  0.000000
    0.000000 29.029984  0.000000
    0.000000  0.000000 29.029984
Atom types and positions (au):
   carbon            4.2594443  29.6894984  25.2146253
   carbon            1.3398163  26.6867225  25.4924151
   carbon            1.6346137  27.5352098  22.7409728
   carbon            8.6700668  31.5338718   2.1675167
   carbon            8.8477011  27.4199365   1.3133602
   carbon           11.2797795  28.7238480   0.4346372
   carbon            8.9384080  -1.3341472  16.5351099
   carbon           10.6089265   2.0768098  18.3322401
   carbon            8.1787378   1.3284780  19.6985126
   carbon           12.7159719  18.2547613  28.0983484
   carbon           14.1238184  20.9684090  30.9877408
   carbon           11.6917400  19.6985126  31.9042583
   carbon           12.7972302  24.3340125   8.6587284
   carbon           15.1896244  25.6341446  11.8655948
   carbon           16.7940024  25.3563548   9.4694212
   carbon            9.9078378   5.7882333  10.8678191
   carbon           10.9320698   9.8624844  10.9660849
   carbon           10.9925410   8.7588839  13.6419381
   carbon           15.2727723  17.1209252  14.7908920
   carbon           14.1049211  13.7553217  17.0188799
   carbon           14.9893133  15.8623671  18.7933334
   carbon           25.4716281  12.8690398  22.2175185
   carbon           26.3352333  16.9678573  22.5973536
   carbon           23.6915054  16.4028290  23.6423725
   carbon           27.8545736   4.6411691  20.3788143
   carbon           30.6079057   7.0241147  22.4858597
   carbon           30.7609735   7.5891430  19.6456002
   carbon           21.5485552  15.0365565   9.8039029
   carbon           18.4928669  16.2629892   7.1904106
   carbon           17.8050063  13.7269758   8.4092844
   carbon            0.1889727  17.2607650   4.0515743
   carbon            2.0749201  18.6667217   0.5706975
   carbon            3.4733179  16.3461372   1.5892603
   carbon           20.1180320  26.8322314  22.0871273
   carbon           23.4363923  24.3434612  22.7806571
   carbon           23.3759210  25.1787204  20.0046483
   carbon            6.8143550  13.8384697  19.7835503
   carbon            5.2704482  12.8312453  23.5630040
   carbon            7.7743362  14.2542096  23.8559117
   carbon           20.2824382   9.2407643  18.5608970
   carbon           22.9752989  10.0023242  15.4258402
   carbon           21.9397286  12.4967636  16.4784181
   carbon           23.4477307  20.7737672  13.0145488
   carbon           27.5673352  21.0137625  12.1944073
   carbon           27.1364774  19.9574052  14.8589222
   carbon            2.6304998   7.5211128   0.8163620
   carbon            1.4154054   3.6490625   1.9010652
   carbon            1.5646938   5.3384783   4.2481059
   carbon            6.3494822  18.0903551   9.0820272
   carbon           10.4482997  17.4421788   9.7339830
   carbon            9.1500574  18.1829517  12.2114149
   carbon            3.3599343   9.9078378  12.0545675
   carbon            1.4267438  12.9162830   9.8511460
   carbon           -0.4932187  11.4668625  11.4574138
   carbon           18.0279941  14.6453830  28.0737820
   carbon           16.7902230  10.7449868  27.1421466
   carbon           17.0528950  12.3115704  24.7232963
   carbon           24.8253415  23.8445733   2.0125591
   carbon           23.1113593  21.6997333   5.1929694
   carbon           22.6124714  20.3410197   2.6871916
   carbon           16.4784181   4.0742511   2.1599578
   carbon           14.4299542   6.4080637   4.9945480
   carbon           14.6132577   3.6641803   5.9053964
   carbon           25.0332115  -0.3873940  12.8501425
   carbon           26.6338101   2.7646704  10.5711320
   carbon           26.3068874   3.5885913  13.3206845
   carbon            4.3747176  20.3296814  21.5995778
   carbon            4.7904575  20.7246343  17.4365096
   carbon            7.3963909  20.6036918  18.6931779
   carbon           24.6288099   5.8543738  27.2290741
   carbon           23.0924620   2.3357024  25.5264302
   carbon           21.7677635   4.6487280  24.3963735
   carbon           17.1832862   4.6600664  13.7685498
   carbon           19.6852845   2.0201180  15.8699260
   carbon           17.1662786   2.3149154  17.2569855
   carbon           25.9686263  12.8369144   0.6481763
   carbon           22.6370378  11.3950529   2.7665601
   carbon           25.0502190  10.9774232   4.3066875
   carbon           11.1456089  24.7157374  23.1397052
   carbon           13.9972067  23.6272547  20.2503128
   carbon           14.6661700  22.4461754  22.8108927
   carbon           21.7242998   4.3558204   6.0981485
   carbon           23.6707184   1.2169841   4.0818100
   carbon           21.6109162   0.1587371   5.8165792
   carbon            2.2563338  -1.1130491  15.1461606
   carbon            4.4881012   0.1738549  11.8183517
   carbon            4.2556648   2.3168051  13.7477628
   carbon           11.4914289  12.8236863   3.9759853
   carbon            7.7044163  11.0360048   4.2953491
   carbon            8.6190441  10.9641951   1.5495760
   carbon           11.7276448   7.9576397  21.9151622
   carbon           13.6589456   5.0380118  24.2470851
   carbon           11.3081254   6.0187800  25.6171371
   hydrogen          1.6894158  24.6250305  25.6870570
   hydrogen         -0.5839256  27.1440364  26.1897243
   hydrogen          2.3338126  25.9553982  21.5409963
   hydrogen         -0.1889727  28.2344087  21.9775232
   hydrogen          9.2672204  26.0139797   2.8175827
   hydrogen          7.8820507  26.4599552  -0.2853488
   hydrogen         12.9597467  27.8734709   1.3719417
   hydrogen         11.5027673  28.5783390  -1.6497315
   hydrogen         12.2492094   1.9313008  19.6267030
   hydrogen         10.4690867   4.0383463  17.6103644
   hydrogen          8.5793599   0.9278559  21.7167409
   hydrogen          6.7425454   2.8591567  19.5662317
   hydrogen         15.7263068  20.5224335  32.2746447
   hydrogen         13.8819334  23.0489983  30.8800263
   hydrogen         12.0564573  18.6478245  33.6768220
   hydrogen         10.1799585  21.1176975  32.2274016
   hydrogen         15.2009627  27.6259167  12.5421170
   hydrogen         15.9058308  24.3718071  13.3868249
   hydrogen         17.6519384  27.1988384   8.9478566
   hydrogen         18.3095634  23.9239418   9.7472111
   hydrogen         12.8312453  10.5711320  10.4086154
   hydrogen          9.5280027  11.4177296  10.8489218
   hydrogen         12.9049446   8.9497463  14.4847562
   hydrogen          9.5922534   9.7283138  14.8759297
   hydrogen         12.0942518  13.2810002  17.3835972
   hydrogen         15.2822210  12.0318908  17.2550958
   hydrogen         13.4283989  16.4538516  20.0726785
   hydrogen         16.6258168  15.2330881  19.9479565
   hydrogen         27.5730043  17.7483145  24.1015761
   hydrogen         26.2331880  18.3379093  21.0062036
   hydrogen         23.5648937  16.9092758  25.6794981
   hydrogen         22.2250774  17.4667452  22.5784563
   hydrogen         30.0504362   8.7418764  23.5630040
   hydrogen         32.4541688   6.3230260  23.2077353
   hydrogen         30.2979905   9.6017021  19.2563165
   hydrogen         32.6790463   7.1620647  18.9010479
   hydrogen         17.0793512  17.7388659   7.6798499
   hydrogen         18.5911327  16.0796857   5.1041522
   hydrogen         16.0286631  13.9027204   9.5128849
   hydrogen         17.5744596  12.2322018   6.9504153
   hydrogen          1.2812348  18.2642099  -1.3284780
   hydrogen          3.3637138  20.3183430   0.4421961
   hydrogen          3.4922152  14.8078995   0.1606268
   hydrogen          5.4461928  16.8355764   2.1297222
   hydrogen         25.2013972  24.9821888  23.7179616
   hydrogen         23.2927731  22.2553130  22.9375044
   hydrogen         25.0993519  26.2785415  19.5114296
   hydrogen         23.2323018  23.5157608  18.7309725
   hydrogen          3.7038646  13.8592567  24.5116469
   hydrogen          5.4272955  10.8999444  24.3699174
   hydrogen          7.4908772  16.0418912  24.9217176
   hydrogen          9.1916314  13.0750200  24.8593566
   hydrogen         25.0521087   9.8832714  15.7092992
   hydrogen         22.5349926   9.8152412  13.3792660
   hydrogen         23.5025327  13.7250861  17.1568300
   hydrogen         20.8417973  13.5304442  15.0195489
   hydrogen         28.5915671  19.6267030  10.9906513
   hydrogen         28.6671562  22.8014441  12.2832245
   hydrogen         27.9698470  18.0355530  15.0384462
   hydrogen         27.9849648  21.2291913  16.2988940
   hydrogen         -0.5253441   2.9063999   1.6365034
   hydrogen          2.7401039   2.0352358   2.0635817
   hydrogen         -0.3155844   5.5047743   5.1627337
   hydrogen          2.9423047   4.5674698   5.6313860
   hydrogen         11.2892282  15.5259957   9.8719330
   hydrogen         11.9619709  18.8122307   9.2502129
   hydrogen          9.3711554  16.6655010  13.6457175
   hydrogen          9.9494118  19.9781922  12.9578570
   hydrogen          1.4229643  14.9534085  10.3575928
   hydrogen          0.9902169  12.7065233   7.8083513
   hydrogen         -1.3983979  12.7499870  12.8520323
   hydrogen         -1.9709851  10.5919189  10.2479887
   hydrogen         18.0922448   9.0971450  27.1062418
   hydrogen         14.8154584  10.0854722  27.3745830
   hydrogen         18.5079847  11.4800906  23.4628485
   hydrogen         15.2160805  12.4268437  23.7085130
   hydrogen         24.2622029  20.4978671   6.4666453
   hydrogen         21.3085599  22.1872829   6.1529506
   hydrogen         23.4099361  18.3964908   2.7136477
   hydrogen         20.5507794  20.2503128   2.3205846
   hydrogen         15.4352888   7.6930780   6.3154671
   hydrogen         12.4249540   7.0108866   4.8301418
   hydrogen         15.6412691   3.5545762   7.7327622
   hydrogen         12.7046336   2.8327005   6.1510609
   hydrogen         28.6539281   2.7892368  10.0061036
   hydrogen         25.5642247   4.0345668   9.3012355
   hydrogen         28.1248046   4.2310984  14.1200390
   hydrogen         24.9084895   5.1457262  13.4718627
   hydrogen          4.5353444  19.1259254  16.1004727
   hydrogen          4.5447931  22.5387720  16.4066084
   hydrogen          8.5018811  18.9671883  17.9864201
   hydrogen          8.4735352  22.3592480  18.3209017
   hydrogen         24.0448843   1.2150944  24.0316562
   hydrogen         21.7129614   1.1168286  26.5412135
   hydrogen         22.0984657   4.7621116  22.3233432
   hydrogen         19.7060715   4.5693595  24.7573114
   hydrogen         19.9895305   0.0207870  15.3143463
   hydrogen         21.2726551   2.6588457  17.0906896
   hydrogen         16.1911796   0.4592036  17.4081637
   hydrogen         17.4629657   3.1010417  19.1807274
   hydrogen         21.2915523  12.6101472   3.8191379
   hydrogen         21.7054025   9.5657973   2.3205846
   hydrogen         24.9632916  12.0356703   6.1189355
   hydrogen         25.3355678   8.9365182   4.6997507
   hydrogen         13.6060333  22.1381500  18.8216793
   hydrogen         15.5448930  24.8612463  19.5511139
   hydrogen         14.7077440  20.3523581  22.6823913
   hydrogen         16.5351099  23.1208079  23.4874149
   hydrogen         23.2889936   0.6840811   2.0881482
   hydrogen         25.5642247   0.4988879   4.6506178
   hydrogen         20.1369292  -0.8295901   4.6921917
   hydrogen         22.4197193  -1.1886382   7.2093079
   hydrogen          6.4987706  -0.3420406  11.5065467
   hydrogen          3.6452831   0.7351037   9.9815372
   hydrogen          6.1435020   2.9252972  14.4299542
   hydrogen          3.2919042   3.9684264  12.8936062
   hydrogen          7.4738697   9.0914758   5.0531296
   hydrogen          5.8732710  12.0470086   4.4559759
   hydrogen          8.7059716   8.9913203   0.8503771
   hydrogen          7.3453682  12.0810237   0.3136947
   hydrogen         13.5682387   2.9555328  23.9957514
   hydrogen         15.3899354   5.5217818  25.3261191
   hydrogen          9.9059481   4.4843218  25.8439043
   hydrogen         11.8089030   6.7784502  27.5049742
   oxygen            3.4336337  29.5213127  22.7409728
   oxygen            3.1426157  28.0586641  26.9229383
   oxygen            5.8978375  31.1804929  25.8476837
   oxygen           11.0549020  31.3071046   1.1187183
   oxygen            7.2641100  29.3380092   2.3186948
   oxygen            7.8820507  33.5464309   2.9668711
   oxygen            7.2659997  -0.8843922  18.4928669
   oxygen           10.9226211   0.3533789  16.3007837
   oxygen            8.6795154  -3.1180493  15.1064764
   oxygen           10.9226211  17.9977584  29.9805163
   oxygen           14.6283755  19.9857511  28.5462137
   oxygen           12.6139267  17.0321080  26.1481503
   oxygen           15.1404915  24.5494414   7.5192231
   oxygen           12.6876260  24.9292765  11.2041904
   oxygen           10.9377390  23.6499314   7.4852080
   oxygen           10.3575928   6.1642890  13.4189503
   oxygen           10.2064147   7.8707123   9.3239122
   oxygen            9.3050150   3.7265413  10.0344495
   oxygen           15.7168581  17.9240591  17.2399780
   oxygen           14.3562548  14.6869570  14.5168816
   oxygen           15.5656800  18.5079847  12.9767542
   oxygen           23.2852141  13.7704395  23.3324573
   oxygen           27.3348988  14.6378241  21.7224100
   oxygen           25.6738289  10.6750669  21.5409963
   oxygen           28.9562844   6.0131108  18.4475134
   oxygen           28.7370761   5.1268289  22.7957749
   oxygen           26.2275188   3.0613575  19.9819716
   oxygen           19.8289038  13.0806892  10.0457879
   oxygen           20.9003789  16.9546292   8.1522816
   oxygen           23.5270992  15.0554537  10.9887616
   oxygen            2.1316119  15.5316649   3.7605564
   oxygen            0.0699199  19.1769480   2.2752311
   oxygen           -1.4002876  17.0377772   5.7069751
   oxygen           21.2065146  26.7264067  19.7136304
   oxygen           21.3198982  25.4772973  23.9730747
   oxygen           18.1810619  28.0133107  22.4820802
   oxygen            8.6455003  14.8078995  21.3803695
   oxygen            4.7828986  12.6649493  20.9325042
   oxygen            6.9428564  14.0935828  17.4988706
   oxygen           20.3088944  11.8580359  18.5060950
   oxygen           21.7847710   8.0313391  16.7977819
   oxygen           18.9312835   8.0729131  20.0122073
   oxygen           24.4833010  19.8364627  15.2293086
   oxygen           25.1428156  21.4918634  11.1569473
   oxygen           21.1687201  20.9400631  12.7159719
   oxygen            2.3697175   7.7535492   3.4128467
   oxygen            2.0994865   5.1702926  -0.1946419
   oxygen            3.3448165   9.2766691  -0.4932187
   oxygen            6.5535727  18.5287717  11.6520557
   oxygen            8.5547934  17.4554068   7.8348075
   oxygen            4.3331436  18.2339743   7.9859856
   oxygen            0.8654949   9.5544589  12.7556562
   oxygen            3.8323660  11.8485873  10.3689312
   oxygen            5.0399015   8.5472345  12.8444733
   oxygen           17.8276830  14.7663255  25.4716281
   oxygen           17.4346198  12.3550341  29.1830516
   oxygen           18.6969574  16.4576311  29.3228914
   oxygen           23.7954404  21.7904402   0.7672291
   oxygen           24.4662934  23.9352802   4.5995951
   oxygen           25.9119345  25.5283199   0.8825024
   oxygen           15.9530740   2.3130257   4.0175593
   oxygen           15.6072540   6.5063295   2.5889258
   oxygen           17.6576076   3.5300097   0.2645618
   oxygen           25.4092671   1.4513102  14.6661700
   oxygen           25.6927261   0.2607823  10.4048360
   oxygen           24.1204734  -2.4358579  13.3660380
   oxygen            6.9768715  20.3485786  21.3274571
   oxygen            2.9763198  20.5413308  19.4018255
   oxygen            3.3712727  20.1029141  23.6593801
   oxygen           22.8127824   6.8030166  25.6057987
   oxygen           24.9179381   3.2541096  27.2536405
   oxygen           25.8495735   7.2168668  28.6218027
   oxygen           15.6828431   4.0137798  15.8094548
   oxygen           19.5454447   3.5489070  13.6683942
   oxygen           16.4481824   6.1094869  12.1339361
   oxygen           27.0816754  11.9033894   2.8232519
   oxygen           23.3683621  12.6120369   0.4913290
   oxygen           27.1969487  13.8989409  -0.9902169
   oxygen           12.7613254  23.2115148  24.5399928
   oxygen           11.7862263  25.0861238  20.6377068
   oxygen            9.2615513  25.6606008  24.0675611
   oxygen           20.5224335   2.2544441   7.0883654
   oxygen           23.6045780   3.8852784   4.3407026
   oxygen           21.2046249   6.4912117   6.7746707
   oxygen            2.8100238   1.3606033  15.7981164
   oxygen            3.1558438  -1.9237419  12.8312453
   oxygen            1.0242319  -2.4925497  16.5218818
   oxygen           11.0681301  12.0602367   1.5193404
   oxygen            9.5941432  12.3191293   5.7013059
   oxygen           13.4472962  13.8724847   4.6090438
   oxygen           10.2668859   7.9500808  24.0807891
   oxygen           13.7250861   6.2625548  21.8660293
   oxygen           11.2816692   9.3598170  20.1539368
   phosphorus        3.4166261  24.7308552   5.7183134
   fluorine          3.5035536  23.4552896   8.6984127
   fluorine          2.8969512  24.8423491   2.5171162
   fluorine          5.8449251  26.6980608   6.5743597
   fluorine          5.5368996  22.5444412   4.5977054
   fluorine          0.5763667  23.2266326   6.1529506
   fluorine          1.9483084  27.6164681   5.9053964
   lithium          -0.2532234  26.2048421   9.7661083
